
Mass percent        Group : yasumoto        Sample : ND0209_150515i   Page 1 

   No.      SiO2     Al2O3    TiO2     Cr2O3    FeO      MnO      MgO      CaO      Na2O     K2O      BaO      F        Cl      Total     Comment
    1     41.550   17.565    0.470    0.016    7.194    0.075   14.860    9.995    3.654    1.230    0.053    0.062    0.279   96.914   150510-002c1 
    2     41.295   17.574    0.899    0.024    6.641    0.057   14.876   10.741    3.469    1.155    0.099    0.097    0.281   97.104   150510-002c2 
    3      0.223   64.921     -       0.085   13.935    0.068   18.650    0.049    0.078    0.008    0.096     -       0.005   98.117   150510-002c3 
    4     40.805   22.964     -        -      14.733    0.651   14.586    5.937    0.031    0.005    0.022     -       0.004   99.737   150510-002c4 
    5     42.257   17.836     -        -       6.985    0.089   15.160    8.372    4.242    1.095     -       0.058    0.509   96.464   150510-002d1 
    6     41.866   15.966    0.628    0.015    5.756    0.049   15.555   11.132    3.173    1.351    0.145    0.203    0.094   95.827   150510-002f1 
    7     41.956   16.254    0.423    0.010    6.242     -      15.517   11.207    3.019    1.594    0.038    0.250    0.106   96.487   150510-002f2 
    8     36.946   17.847    1.411     -       5.530    0.030   21.192    0.052    0.250    9.467    1.585    0.299    0.092   94.554   150510-002f3 
    9     41.855   15.818    0.539     -       5.957    0.043   15.446   11.117    2.811    1.460    0.290    0.229    0.094   95.542   150510-002f4 
   10      0.353   74.846    0.013    0.099    1.141     -       0.110    0.088    0.014    0.026    0.023     -       0.010   76.721   150510-002f5 
   11     38.223   20.339    0.103     -       6.672    0.067   12.758   18.924    0.794    0.044    0.069     -       0.006   97.998   150510-002f6 
   12     41.244   23.368    0.327    0.071   15.400    0.658   14.280    6.287    0.064     -       0.216     -        -     101.915   150510-002f7 
   13     54.129    4.308    0.060    0.083   10.988    0.176   29.430    0.198    0.017    0.017    0.060     -       0.007   99.471   150510-002j1 
   14     50.753    5.622    0.346    0.186    5.332    0.137   14.193   22.472    0.675    0.039    0.054     -       0.003   99.811   150510-002j2 
   15     41.338   23.231     -        -      15.819    0.801   14.253    6.141    0.026     -        -        -        -     101.609   150510-002j3 
   16     35.845   19.209    1.477     -       6.526    0.048   20.292    0.044    0.455    8.938    2.435    0.193    0.171   95.513   150515-020-1 
   17     55.578    2.549    0.007     -      10.756    0.190   31.212    0.194     -       0.017     -        -       0.001  100.504   150515-020-2 
   18     41.249   17.774    0.389    0.024    6.708    0.051   14.986   11.081    3.186    1.273    0.046    0.072    0.232   96.989   150515-020-3 
   19     41.371   16.717    0.341     -       7.143    0.002   15.121   11.211    3.406    1.060     -       0.114    0.243   96.626   150515-020-4 
   20     40.809   18.298    0.524     -       7.478    0.075   14.998   10.767    3.280    1.092    0.053    0.005    0.261   97.579   150515-020-5 
   21     41.207   17.498    0.579    0.014    7.180    0.132   14.873   10.757    3.537    1.074     -       0.103    0.249   97.104   150515-020-6 
   22     52.535    3.525    0.125    0.049    4.141     -      15.335   23.370    0.629    0.009     -        -       0.016   99.730   150515-020-7 
   23     41.335   22.989    0.114    0.049   14.051    0.736   14.496    5.957    0.016    0.010    0.067     -        -      99.820   150515-020-8 
  -----------------------------------------------------------------------------
Minimum    0.223    2.549     -        -       1.141     -       0.110    0.044     -        -        -        -        -      76.721 
Maximum   55.578   74.846    1.477    0.186   15.819    0.801   31.212   23.370    4.242    9.467    2.435    0.299    0.509  101.915 
Average   39.336   20.740    0.382    0.032    8.361    0.180   16.182    8.526    1.601    1.346    0.233    0.073    0.116   97.049 
Sigma     13.348   16.755    0.419    0.046    3.959    0.256    5.833    6.823    1.628    2.554    0.580    0.096    0.138    4.865 

No. of data 23 

