
Mass percent        Group : yasumoto        Sample : ND0209_150515o   Page 1 

   No.      SiO2     TiO2     Al2O3    Cr2O3    FeO      MnO      MgO      CaO      Na2O     K2O     Total     Comment
    1     54.844    0.048    9.292    0.066    4.676    0.069   10.346   15.202    5.225    0.029   99.797   150515-025-1 
    2     54.971    0.323    9.092    0.002    4.602    0.041   10.419   15.776    5.091    0.011  100.328   150515-025-2 
    3     54.666    0.193    8.698    0.106    4.263    0.033   10.515   15.542    5.117     -      99.133   150515-025-3 
    4     54.774    0.207    8.536    0.113    4.505    0.051   10.851   16.016    5.049     -     100.102   150515-025-4 
    5     54.730    0.296    8.268    0.088    4.307    0.047   10.712   15.606    5.057    0.012   99.123   150515-025-5 
    6     55.256    0.255    8.106    0.098    4.613    0.043   10.741   15.943    5.024    0.010  100.089   150515-025-6 
    7     54.555    0.440    8.677    0.108    4.555    0.073   10.227   15.626    5.193    0.006   99.460   150515-025-7 
    8     54.356    0.371   10.656    0.029    4.829    0.002    9.742   15.106    5.428    0.005  100.524   150515-027-1 
    9     54.530    0.296   10.060    0.051    4.737    0.027    9.729   15.138    5.460     -     100.028   150515-027-2 
   10     54.373    0.449   10.087    0.121    4.676    0.045   10.069   15.593    5.083    0.015  100.511   150515-028-1 
   11     54.408    0.172   10.105    0.098    4.968    0.080   10.038   15.532    5.294     -     100.695   Omp061 
   12     54.370    0.207    9.599    0.130    4.839     -      10.220   15.431    5.211     -     100.007   Omp62 
   13     54.891    0.318    9.993    0.034    4.857    0.045    9.962   14.525    5.335    0.005   99.965   150515-030-1 
   14     54.080    0.125   10.137    0.025    4.346    0.123    9.634   15.184    5.333    0.001   98.988   150515-030-2 
   15     54.449    0.159    9.998    0.096    4.633    0.055    9.867   15.438    5.381    0.033  100.109   150515-030-3 
   16     54.615    0.166   10.277    0.143    4.962    0.010    9.972   15.459    5.252    0.024  100.880   150515-030-4 
   17     54.618    0.235   10.144    0.106    4.430    0.004    9.769   15.639    5.452     -     100.397   150515-030-5 
   18     54.579    0.208   10.178    0.091    4.576    0.062    9.826   15.309    5.437     -     100.266   150515-030-6 
   19     40.879    0.355   16.279    0.094    9.729    0.092   13.774   10.385    3.474    0.608   95.669   150515-032-1 
   20     54.331    0.388   10.045    0.042    4.241    0.076    9.584   15.405    5.226    0.014   99.352   150515-032-2 
   21     54.195     -       9.830    0.057    4.362    0.094    9.800   14.851    5.363    0.054   98.606   150515-032-3 
   22     53.027    0.256   10.510    0.067    4.262    0.029    9.669   15.819    5.253    0.015   98.907   150515-032-4 
   23     54.179    0.187   10.771    0.101    4.549    0.027    9.518   15.408    5.441    0.020  100.201   150515-033-1 
   24     54.330     -      10.015    0.089    3.959    0.025    9.811   15.405    5.322    0.008   98.964   150515-033-2 
   25     54.288    0.354    9.705    0.042    4.333    0.070   10.134   15.517    5.444    0.016   99.903   150515-033-3 
   26     53.985    0.436   10.812    0.153    4.454    0.012    9.254   15.059    5.413    0.003   99.581   150515-034-1 
   27     54.172    0.187   10.346    0.106    4.595     -       9.429   15.053    5.549    0.033   99.470   150515-034-2 
   28     54.705    0.298   10.040    0.133    4.574    0.049    9.922   14.990    5.336    0.020  100.067   150515-034-3 
   29     54.807    0.286   10.030    0.129    4.307    0.025    9.761   15.115    5.433    0.015   99.908   150515-034-4 
   30     54.925    0.270   10.874    0.086    4.501    0.006    9.578   14.656    5.610     -     100.506   150515-035-1 
   31     53.844    0.451   11.519    0.166    4.174    0.051    9.348   14.703    5.513    0.025   99.794   150515-035-2 
   32     54.197    0.090   10.596    0.128    4.384    0.051    9.542   14.329    5.900    0.022   99.239   150515-035-3 
   33     54.643    0.236   11.017    0.183    4.334    0.035    9.386   14.719    5.629    0.002  100.184   150515-035-4 
   34     54.240    0.160   10.630    0.134    4.096    0.014    9.492   14.792    5.703    0.004   99.265   150515-035-5 
   35     55.244    0.201    9.962    0.114    3.987    0.023    9.223   14.560    5.744    0.050   99.108   150515-035-6 
   36     55.617    0.125    9.937    0.149    4.170     -       9.634   14.809    5.832    0.057  100.330   150515-035-7 
   37     55.647    0.035   10.164    0.153    4.201    0.043    9.730   14.269    5.762    0.015  100.019   150515-035-8 
   38     54.753     -      10.829    0.124    4.142    0.023    9.250   14.834    5.631    0.013   99.599   150515-035-9 
   39     54.614    0.278   10.464    0.111    4.441    0.072    9.358   14.601    5.527    0.034   99.500   150515-036-1 
   40     54.224    0.277   10.963    0.121    4.551    0.035    9.238   14.443    6.008    0.020   99.880   150515-037-1 
   41     54.283    0.534   10.922    0.158    4.587    0.060    9.296   14.241    5.832    0.004   99.917   150515-037-2 
   42     54.546    0.229   10.631    0.141    4.525    0.008    9.599   14.441    5.928    0.013  100.061   150515-037-3 
   43     54.965    0.305   10.159    0.168    4.399    0.006    9.532   14.499    5.899    0.048   99.980   150515-037-4 
   44     54.960     -      10.478    0.084    4.511    0.058    9.570   14.638    6.012    0.054  100.365   150515-037-5 
   45     54.385    0.257   10.636    0.146    4.487    0.031    9.484   14.283    5.877    0.003   99.589   150515-037-6 
   46     54.287    0.069   10.891    0.144    4.332    0.027    9.129   14.563    5.912     -      99.354   150515-037-7 
   47     54.550    0.215   12.176    0.067    4.679    0.012    8.550   13.645    6.599    0.036  100.529   150515-038-1 
   48     54.757    0.292   12.241    0.089    4.170     -       8.447   13.991    6.242     -     100.229   150515-038-2 
   49     55.453    0.111   12.249    0.072    4.023     -       8.182   12.984    6.837    0.027   99.938   150515-039-1 
   50     55.796    0.090   12.456    0.012    3.919    0.006    8.174   13.308    6.836    0.030  100.627   150515-039-2 
   51     55.710     -      12.672    0.035    3.960     -       8.113   12.371    6.959    0.027   99.847   150515-040-1 
   52     55.454    0.312   12.293     -       4.180    0.045    8.288   12.683    7.082    0.040  100.377   150515-040-2 
   53     54.714    0.319   12.630    0.020    4.243     -       8.375   13.850    6.495    0.008  100.654   150515-041-1 
   54     55.075    0.354   12.651     -       4.236    0.047    8.249   13.241    6.822    0.004  100.679   150515-041-2 
   55     54.551    0.299   12.923     -       4.064    0.023    8.240   13.860    6.493    0.024  100.477   150515-041-3 
   56     55.739    0.243   12.688     -       4.269    0.041    8.193   12.939    7.077    0.040  101.229   150515-043-1 
   57     55.791    0.236   12.511    0.010    3.772    0.064    7.941   12.056    7.104    0.024   99.509   150515-043-2 
   58     56.186    0.215   12.374     -       4.064     -       8.220   12.430    7.170    0.042  100.701   150515-043-3 
   59     55.104    0.174   12.487     -       4.246    0.025    8.189   12.967    6.812    0.020  100.024   150515-043-4 
   60     55.682    0.174   12.439    0.010    4.365     -       8.286   12.765    6.971    0.018  100.710   150515-043-5 
   61     55.661    0.097   12.339    0.040    4.031    0.070    8.228   12.471    7.037    0.048  100.022   150515-043-6 
   62     54.402     -      12.222    0.057    4.251    0.080    8.353   12.519    7.180    0.062   99.126   150515-043-7 
   63     54.771    0.104   12.432     -       4.335    0.033    8.215   12.871    6.908     -      99.669   150515-043-8 
   64     55.353     -      12.455    0.015    4.106    0.043    8.236   12.629    6.928    0.024   99.789   150515-043-9 
   65     56.232    0.271   12.324    0.030    4.195    0.056    7.803   12.381    7.064    0.056  100.412   150515-043-10 
   66     55.695    0.167   12.414     -       4.055    0.006    8.105   12.721    7.138    0.037  100.338   150515-043-11 
   67     55.800    0.305   12.286    0.017    4.238     -       8.322   12.563    7.152    0.037  100.720   150515-043-12 
   68     55.101    0.382   12.342     -       4.133    0.062    8.076   12.844    7.059    0.056  100.055   150515-043-13 
   69     54.055    0.153   12.851     -       3.869    0.027    8.158   13.685    6.663     -      99.461   150515-044-1 
   70     54.160    0.618   13.281    0.074    3.964     -       8.241   13.886    6.332    0.028  100.584   150515-044-2 
   71     54.513    0.285   12.881    0.042    4.122    0.012    8.234   13.614    6.376    0.021  100.100   150515-045-1 
   72     53.880    0.264   12.980     -       4.378    0.052    8.574   13.736    6.328    0.029  100.221   150515-045-2 
   73     54.850    0.118   12.793     -       4.048    0.056    8.057   12.351    7.314    0.032   99.619   150515-046-1 
   74     55.576    0.160   12.596    0.027    3.993    0.074    7.844   12.069    7.307    0.037   99.683   150515-046-2 
   75     54.552     -      12.081    0.015    4.418    0.039    8.372   13.404    6.509    0.033   99.423   150515-047-1 
   76     55.258    0.437   11.780     -       4.226     -       8.178   12.889    6.781    0.043   99.592   150515-047-2 
   77     55.646    0.264   12.705    0.082    3.967    0.043    7.943   12.428    6.966    0.010  100.054   150515-048-1 
   78     54.924    0.125   12.717    0.022    4.326    0.027    8.064   12.659    6.909    0.011   99.784   150515-048-2 
   79     55.077    0.160   12.887    0.022    4.016    0.039    7.895   12.757    6.927    0.016   99.796   150515-049-1 
   80     55.397    0.104   12.474    0.052    4.473    0.068    7.901   11.824    6.725    0.054   99.072   150515-049-2 
   81     55.300    0.187   12.842    0.032    4.573    0.021    7.855   12.761    6.808    0.019  100.398   150515-049-3 
   82     54.981    0.478   12.947     -       4.361     -       8.062   13.096    6.751    0.024  100.700   150515-049-4 
   83     55.392    0.326   12.875    0.032    4.115    0.078    7.964   12.931    7.004     -     100.717   150515-050-1 
   84     55.826     -      12.824    0.057    3.784    0.008    7.725   12.334    7.411    0.032  100.001   150515-050-2 
   85     56.224    0.201   12.816    0.052    3.656    0.056    7.692   12.241    7.532    0.023  100.493   150515-050-3 
   86     55.935    0.402   12.404    0.027    3.780    0.039    7.767   12.478    7.020    0.031   99.883   150515-050-4 
   87     54.612    0.312   13.267    0.050    4.113    0.062    7.963   13.493    6.624    0.022  100.518   150515-050-5 
   88     54.657    0.174   12.326     -       3.849    0.033    8.148   13.695    6.723     -      99.605   150515-051-1 
   89     54.736    0.333   12.672    0.054    4.089    0.070    8.264   13.775    6.563    0.021  100.577   150515-051-2 
  -----------------------------------------------------------------------------
Minimum   40.879     -       8.106     -       3.656     -       7.692   10.385    3.474     -      95.669 
Maximum   56.232    0.618   16.279    0.183    9.729    0.123   13.774   16.016    7.532    0.608  101.229 
Average   54.702    0.227   11.366    0.067    4.362    0.037    9.027   13.985    6.130    0.028   99.929 
Sigma      1.605    0.133    1.459    0.053    0.640    0.028    1.023    1.253    0.806    0.064    0.699 

No. of data 89 

