
Mass percent        Group : yasumoto        Sample : ND0209_150423o   Page 1 

   No.      SiO2     TiO2     Al2O3    Cr2O3    FeO      MnO      MgO      CaO      Na2O     K2O     Total     Comment
    1     55.216    0.069    9.701    0.059    4.578    0.065    9.801   14.854    5.667    0.044  100.054   Omp1 
    2     53.932    0.466   10.211    0.076    4.824    0.035    9.757   15.149    5.405     -      99.855   Omp2 
    3     54.338    0.432   10.288    0.098    4.578    0.083    9.873   15.257    5.192     -     100.139   Omp3 
    4     55.406    0.185    9.715    0.127    4.570    0.047   10.247   14.654    5.484    0.007  100.442   Omp4 
    5     54.657    0.288   10.692    0.051    4.611    0.033    9.823   15.353    5.382     -     100.890   Omp5 
    6     54.988    0.165    9.405    0.086    4.696    0.057   10.319   15.581    5.085     -     100.382   Omp6 
    7     54.617    0.268   10.458    0.125    4.613    0.033    9.557   14.989    5.612     -     100.272   Omp7 
    8     54.206    0.240   10.245    0.100    4.272    0.043    9.728   14.932    5.424    0.024   99.214   Omp8 
    9     54.138    0.412   10.253    0.088    4.495    0.039    9.752   15.033    5.379    0.022   99.611   Omp9 
   10     55.621     -       9.294    0.059    4.183     -      10.213   15.239    5.692     -     100.301   Omp10 
   11     54.580    0.151    9.952    0.159    4.485     -       9.905   15.172    5.384    0.012   99.800   Omp11 
   12     54.422    0.062    9.383    0.115    4.029    0.029   10.199   15.811    5.325    0.032   99.407   Omp12 
   13     54.180    0.612   10.306    0.167    4.539    0.053   10.214   16.216    5.013    0.025  101.325   Omp13 
   14     55.018    0.213   10.002    0.159    4.338     -       9.802   14.712    5.749     -      99.993   Omp14 
   15     54.644    0.241   10.013    0.145    4.467     -       9.801   15.164    5.444     -      99.919   Omp15 
   16     55.211    0.358    9.407    0.105    4.399    0.053   10.081   15.371    5.388    0.029  100.402   Omp16 
   17     54.213    0.289   11.166    0.132    4.645    0.045    9.459   15.014    5.692     -     100.655   Omp17 
   18     54.161    0.295   11.046    0.157    4.890    0.006    9.680   14.086    5.541    0.006   99.868   Omp18 
   19     55.030    0.124   10.079    0.191    4.449    0.014   10.045   15.021    5.655    0.027  100.635   Omp19 
   20     55.513    0.137   10.211    0.113    4.874    0.029    9.513   14.616    5.917     -     100.923   Omp20 
   21     54.562    0.330   10.827    0.147    4.287    0.073    9.229   14.397    5.732    0.008   99.592   Omp21 
   22     55.515    0.192   10.410    0.088    4.146    0.024    9.145   14.113    6.240     -      99.873   Omp22 
   23     53.909    0.378   11.309    0.115    4.718    0.016    9.058   14.376    5.887     -      99.766   Omp23 
   24     55.113    0.179   10.148    0.059    4.578    0.057    9.241   14.247    6.104    0.020   99.746   Omp24 
   25     55.348    0.351   10.381    0.066    4.173     -       9.506   14.201    5.981    0.002  100.009   Omp25 
   26     55.394    0.295   11.576    0.081    3.859     -       8.558   12.931    6.720    0.020   99.434   Omp26 
   27     53.117    0.632   11.105    0.164    5.346    0.059    9.328   15.796    4.866     -     100.413   Omp27 
   28     55.415    0.186   11.334    0.074    4.631    0.039    8.791   13.724    6.520     -     100.714   Omp28 
   29     52.856    0.303    9.758    0.088    5.384    0.065   10.245   16.367    4.545    0.006   99.617   Omp29 
   30     55.380     -      11.481    0.122    4.649     -       8.630   13.320    6.556    0.030  100.168   Omp30 
   31     55.201    0.405   11.405    0.096    4.751    0.067    8.717   13.659    6.245    0.008  100.554   Omp31 
   32     55.670    0.193   11.169    0.096    4.599    0.035    9.042   13.954    6.288    0.043  101.089   Omp32 
   33     54.907    0.406   11.848    0.169    4.320    0.047    9.002   14.191    5.889    0.014  100.793   Omp33 
   34     55.092    0.048   11.886    0.020    4.346    0.022    8.421   13.616    6.491    0.024   99.966   Omp34 
   35     54.251    0.468   12.364    0.054    4.015     -       8.409   13.656    6.341    0.029   99.587   Omp35 
   36     56.053    0.165   11.913    0.083    4.293     -       8.391   12.611    7.065    0.032  100.606   Omp36 
   37     52.291    0.495   11.780    0.051    5.148    0.039    9.021   15.531    5.125     -      99.481   Omp37 
   38     54.401    0.618   12.538    0.044    4.817    0.010    8.311   13.625    6.357    0.013  100.734   Omp38 
   39     53.882    0.138   12.754    0.047    4.142    0.020    7.990   13.542    6.355    0.002   98.872   Omp39 
   40     55.832    0.138   11.733     -       4.431    0.063    8.221   13.354    6.581     -     100.353   Omp40 
   41     55.070    0.062   12.229     -       4.168    0.029    8.245   13.365    6.468    0.025   99.661   Omp41 
   42     54.875    0.124   12.053    0.015    4.161    0.051    8.278   13.233    6.632    0.008   99.430   Omp42 
   43     54.041    0.488   12.677    0.020    4.621    0.069    8.222   13.613    6.206    0.020   99.977   Omp43 
   44     55.512    0.454   12.262    0.027    4.129     -       8.211   13.048    6.786    0.013  100.442   Omp44 
   45     53.034    0.502   12.155    0.029    5.111    0.029    8.853   14.865    5.518    0.006  100.102   Omp45 
   46     54.467    0.214   12.296     -       4.069    0.067    8.391   13.781    6.233     -      99.518   Omp46 
   47     51.567    0.461   13.100     -       5.789    0.114    8.384   15.053    5.149    0.024   99.641   Omp47 
   48     53.313    0.324   13.099     -       4.769    0.020    8.109   13.973    6.195    0.038   99.840   Omp48 
   49     53.172    0.055   13.316     -       4.899    0.008    8.007   13.928    6.017     -      99.402   Omp49 
  -----------------------------------------------------------------------------
Minimum   51.567     -       9.294     -       3.859     -       7.990   12.611    4.545     -      98.872 
Maximum   56.053    0.632   13.316    0.191    5.789    0.114   10.319   16.367    7.065    0.044  101.325 
Average   54.558    0.278   11.076    0.083    4.549    0.034    9.178   14.455    5.847    0.013  100.071 
Sigma      0.943    0.166    1.121    0.054    0.381    0.027    0.736    0.899    0.566    0.013    0.533 

No. of data 49 

